{
 "cells": [
  {
   "cell_type": "markdown",
   "metadata": {},
   "source": [
    "LOADING DATASET FROM UCIML REPO"
   ]
  },
  {
   "cell_type": "code",
   "execution_count": 2,
   "metadata": {},
   "outputs": [],
   "source": [
    "import pandas as pd\n",
    "import numpy as np"
   ]
  },
  {
   "cell_type": "code",
   "execution_count": 3,
   "metadata": {},
   "outputs": [],
   "source": [
    "from ucimlrepo import fetch_ucirepo \n",
    "  \n",
    "# fetch dataset \n",
    "heart_disease = fetch_ucirepo(id=45) \n",
    "  \n",
    "# Combine features and targets into a single DataFrame\n",
    "df = pd.concat([heart_disease.data.features, heart_disease.data.targets], axis=1)\n",
    "\n"
   ]
  },
  {
   "cell_type": "code",
   "execution_count": 4,
   "metadata": {},
   "outputs": [
    {
     "data": {
      "text/html": [
       "<div>\n",
       "<style scoped>\n",
       "    .dataframe tbody tr th:only-of-type {\n",
       "        vertical-align: middle;\n",
       "    }\n",
       "\n",
       "    .dataframe tbody tr th {\n",
       "        vertical-align: top;\n",
       "    }\n",
       "\n",
       "    .dataframe thead th {\n",
       "        text-align: right;\n",
       "    }\n",
       "</style>\n",
       "<table border=\"1\" class=\"dataframe\">\n",
       "  <thead>\n",
       "    <tr style=\"text-align: right;\">\n",
       "      <th></th>\n",
       "      <th>age</th>\n",
       "      <th>sex</th>\n",
       "      <th>cp</th>\n",
       "      <th>trestbps</th>\n",
       "      <th>chol</th>\n",
       "      <th>fbs</th>\n",
       "      <th>restecg</th>\n",
       "      <th>thalach</th>\n",
       "      <th>exang</th>\n",
       "      <th>oldpeak</th>\n",
       "      <th>slope</th>\n",
       "      <th>ca</th>\n",
       "      <th>thal</th>\n",
       "      <th>num</th>\n",
       "    </tr>\n",
       "  </thead>\n",
       "  <tbody>\n",
       "    <tr>\n",
       "      <th>208</th>\n",
       "      <td>55</td>\n",
       "      <td>1</td>\n",
       "      <td>2</td>\n",
       "      <td>130</td>\n",
       "      <td>262</td>\n",
       "      <td>0</td>\n",
       "      <td>0</td>\n",
       "      <td>155</td>\n",
       "      <td>0</td>\n",
       "      <td>0.0</td>\n",
       "      <td>1</td>\n",
       "      <td>0.0</td>\n",
       "      <td>3.0</td>\n",
       "      <td>0</td>\n",
       "    </tr>\n",
       "    <tr>\n",
       "      <th>200</th>\n",
       "      <td>50</td>\n",
       "      <td>0</td>\n",
       "      <td>4</td>\n",
       "      <td>110</td>\n",
       "      <td>254</td>\n",
       "      <td>0</td>\n",
       "      <td>2</td>\n",
       "      <td>159</td>\n",
       "      <td>0</td>\n",
       "      <td>0.0</td>\n",
       "      <td>1</td>\n",
       "      <td>0.0</td>\n",
       "      <td>3.0</td>\n",
       "      <td>0</td>\n",
       "    </tr>\n",
       "    <tr>\n",
       "      <th>288</th>\n",
       "      <td>56</td>\n",
       "      <td>1</td>\n",
       "      <td>2</td>\n",
       "      <td>130</td>\n",
       "      <td>221</td>\n",
       "      <td>0</td>\n",
       "      <td>2</td>\n",
       "      <td>163</td>\n",
       "      <td>0</td>\n",
       "      <td>0.0</td>\n",
       "      <td>1</td>\n",
       "      <td>0.0</td>\n",
       "      <td>7.0</td>\n",
       "      <td>0</td>\n",
       "    </tr>\n",
       "    <tr>\n",
       "      <th>296</th>\n",
       "      <td>59</td>\n",
       "      <td>1</td>\n",
       "      <td>4</td>\n",
       "      <td>164</td>\n",
       "      <td>176</td>\n",
       "      <td>1</td>\n",
       "      <td>2</td>\n",
       "      <td>90</td>\n",
       "      <td>0</td>\n",
       "      <td>1.0</td>\n",
       "      <td>2</td>\n",
       "      <td>2.0</td>\n",
       "      <td>6.0</td>\n",
       "      <td>3</td>\n",
       "    </tr>\n",
       "    <tr>\n",
       "      <th>286</th>\n",
       "      <td>58</td>\n",
       "      <td>0</td>\n",
       "      <td>4</td>\n",
       "      <td>170</td>\n",
       "      <td>225</td>\n",
       "      <td>1</td>\n",
       "      <td>2</td>\n",
       "      <td>146</td>\n",
       "      <td>1</td>\n",
       "      <td>2.8</td>\n",
       "      <td>2</td>\n",
       "      <td>2.0</td>\n",
       "      <td>6.0</td>\n",
       "      <td>2</td>\n",
       "    </tr>\n",
       "  </tbody>\n",
       "</table>\n",
       "</div>"
      ],
      "text/plain": [
       "     age  sex  cp  trestbps  chol  fbs  restecg  thalach  exang  oldpeak  \\\n",
       "208   55    1   2       130   262    0        0      155      0      0.0   \n",
       "200   50    0   4       110   254    0        2      159      0      0.0   \n",
       "288   56    1   2       130   221    0        2      163      0      0.0   \n",
       "296   59    1   4       164   176    1        2       90      0      1.0   \n",
       "286   58    0   4       170   225    1        2      146      1      2.8   \n",
       "\n",
       "     slope   ca  thal  num  \n",
       "208      1  0.0   3.0    0  \n",
       "200      1  0.0   3.0    0  \n",
       "288      1  0.0   7.0    0  \n",
       "296      2  2.0   6.0    3  \n",
       "286      2  2.0   6.0    2  "
      ]
     },
     "execution_count": 4,
     "metadata": {},
     "output_type": "execute_result"
    }
   ],
   "source": [
    "df.sample(5)"
   ]
  },
  {
   "cell_type": "code",
   "execution_count": 15,
   "metadata": {},
   "outputs": [
    {
     "data": {
      "text/plain": [
       "(303, 14)"
      ]
     },
     "execution_count": 15,
     "metadata": {},
     "output_type": "execute_result"
    }
   ],
   "source": [
    "df.shape"
   ]
  },
  {
   "cell_type": "code",
   "execution_count": 5,
   "metadata": {},
   "outputs": [
    {
     "name": "stdout",
     "output_type": "stream",
     "text": [
      "<class 'pandas.core.frame.DataFrame'>\n",
      "RangeIndex: 303 entries, 0 to 302\n",
      "Data columns (total 14 columns):\n",
      " #   Column    Non-Null Count  Dtype  \n",
      "---  ------    --------------  -----  \n",
      " 0   age       303 non-null    int64  \n",
      " 1   sex       303 non-null    int64  \n",
      " 2   cp        303 non-null    int64  \n",
      " 3   trestbps  303 non-null    int64  \n",
      " 4   chol      303 non-null    int64  \n",
      " 5   fbs       303 non-null    int64  \n",
      " 6   restecg   303 non-null    int64  \n",
      " 7   thalach   303 non-null    int64  \n",
      " 8   exang     303 non-null    int64  \n",
      " 9   oldpeak   303 non-null    float64\n",
      " 10  slope     303 non-null    int64  \n",
      " 11  ca        299 non-null    float64\n",
      " 12  thal      301 non-null    float64\n",
      " 13  num       303 non-null    int64  \n",
      "dtypes: float64(3), int64(11)\n",
      "memory usage: 33.3 KB\n"
     ]
    }
   ],
   "source": [
    "df.info()"
   ]
  },
  {
   "cell_type": "markdown",
   "metadata": {},
   "source": [
    "Here (ca) feature has 4 null values and (thal) has 2 null values"
   ]
  },
  {
   "cell_type": "code",
   "execution_count": 6,
   "metadata": {},
   "outputs": [
    {
     "data": {
      "text/plain": [
       "age         0\n",
       "sex         0\n",
       "cp          0\n",
       "trestbps    0\n",
       "chol        0\n",
       "fbs         0\n",
       "restecg     0\n",
       "thalach     0\n",
       "exang       0\n",
       "oldpeak     0\n",
       "slope       0\n",
       "ca          4\n",
       "thal        2\n",
       "num         0\n",
       "dtype: int64"
      ]
     },
     "execution_count": 6,
     "metadata": {},
     "output_type": "execute_result"
    }
   ],
   "source": [
    "df.isnull().sum()"
   ]
  },
  {
   "cell_type": "code",
   "execution_count": 7,
   "metadata": {},
   "outputs": [
    {
     "data": {
      "text/html": [
       "<div>\n",
       "<style scoped>\n",
       "    .dataframe tbody tr th:only-of-type {\n",
       "        vertical-align: middle;\n",
       "    }\n",
       "\n",
       "    .dataframe tbody tr th {\n",
       "        vertical-align: top;\n",
       "    }\n",
       "\n",
       "    .dataframe thead th {\n",
       "        text-align: right;\n",
       "    }\n",
       "</style>\n",
       "<table border=\"1\" class=\"dataframe\">\n",
       "  <thead>\n",
       "    <tr style=\"text-align: right;\">\n",
       "      <th></th>\n",
       "      <th>age</th>\n",
       "      <th>sex</th>\n",
       "      <th>cp</th>\n",
       "      <th>trestbps</th>\n",
       "      <th>chol</th>\n",
       "      <th>fbs</th>\n",
       "      <th>restecg</th>\n",
       "      <th>thalach</th>\n",
       "      <th>exang</th>\n",
       "      <th>oldpeak</th>\n",
       "      <th>slope</th>\n",
       "      <th>ca</th>\n",
       "      <th>thal</th>\n",
       "      <th>num</th>\n",
       "    </tr>\n",
       "  </thead>\n",
       "  <tbody>\n",
       "    <tr>\n",
       "      <th>count</th>\n",
       "      <td>303.000000</td>\n",
       "      <td>303.000000</td>\n",
       "      <td>303.000000</td>\n",
       "      <td>303.000000</td>\n",
       "      <td>303.000000</td>\n",
       "      <td>303.000000</td>\n",
       "      <td>303.000000</td>\n",
       "      <td>303.000000</td>\n",
       "      <td>303.000000</td>\n",
       "      <td>303.000000</td>\n",
       "      <td>303.000000</td>\n",
       "      <td>299.000000</td>\n",
       "      <td>301.000000</td>\n",
       "      <td>303.000000</td>\n",
       "    </tr>\n",
       "    <tr>\n",
       "      <th>mean</th>\n",
       "      <td>54.438944</td>\n",
       "      <td>0.679868</td>\n",
       "      <td>3.158416</td>\n",
       "      <td>131.689769</td>\n",
       "      <td>246.693069</td>\n",
       "      <td>0.148515</td>\n",
       "      <td>0.990099</td>\n",
       "      <td>149.607261</td>\n",
       "      <td>0.326733</td>\n",
       "      <td>1.039604</td>\n",
       "      <td>1.600660</td>\n",
       "      <td>0.672241</td>\n",
       "      <td>4.734219</td>\n",
       "      <td>0.937294</td>\n",
       "    </tr>\n",
       "    <tr>\n",
       "      <th>std</th>\n",
       "      <td>9.038662</td>\n",
       "      <td>0.467299</td>\n",
       "      <td>0.960126</td>\n",
       "      <td>17.599748</td>\n",
       "      <td>51.776918</td>\n",
       "      <td>0.356198</td>\n",
       "      <td>0.994971</td>\n",
       "      <td>22.875003</td>\n",
       "      <td>0.469794</td>\n",
       "      <td>1.161075</td>\n",
       "      <td>0.616226</td>\n",
       "      <td>0.937438</td>\n",
       "      <td>1.939706</td>\n",
       "      <td>1.228536</td>\n",
       "    </tr>\n",
       "    <tr>\n",
       "      <th>min</th>\n",
       "      <td>29.000000</td>\n",
       "      <td>0.000000</td>\n",
       "      <td>1.000000</td>\n",
       "      <td>94.000000</td>\n",
       "      <td>126.000000</td>\n",
       "      <td>0.000000</td>\n",
       "      <td>0.000000</td>\n",
       "      <td>71.000000</td>\n",
       "      <td>0.000000</td>\n",
       "      <td>0.000000</td>\n",
       "      <td>1.000000</td>\n",
       "      <td>0.000000</td>\n",
       "      <td>3.000000</td>\n",
       "      <td>0.000000</td>\n",
       "    </tr>\n",
       "    <tr>\n",
       "      <th>25%</th>\n",
       "      <td>48.000000</td>\n",
       "      <td>0.000000</td>\n",
       "      <td>3.000000</td>\n",
       "      <td>120.000000</td>\n",
       "      <td>211.000000</td>\n",
       "      <td>0.000000</td>\n",
       "      <td>0.000000</td>\n",
       "      <td>133.500000</td>\n",
       "      <td>0.000000</td>\n",
       "      <td>0.000000</td>\n",
       "      <td>1.000000</td>\n",
       "      <td>0.000000</td>\n",
       "      <td>3.000000</td>\n",
       "      <td>0.000000</td>\n",
       "    </tr>\n",
       "    <tr>\n",
       "      <th>50%</th>\n",
       "      <td>56.000000</td>\n",
       "      <td>1.000000</td>\n",
       "      <td>3.000000</td>\n",
       "      <td>130.000000</td>\n",
       "      <td>241.000000</td>\n",
       "      <td>0.000000</td>\n",
       "      <td>1.000000</td>\n",
       "      <td>153.000000</td>\n",
       "      <td>0.000000</td>\n",
       "      <td>0.800000</td>\n",
       "      <td>2.000000</td>\n",
       "      <td>0.000000</td>\n",
       "      <td>3.000000</td>\n",
       "      <td>0.000000</td>\n",
       "    </tr>\n",
       "    <tr>\n",
       "      <th>75%</th>\n",
       "      <td>61.000000</td>\n",
       "      <td>1.000000</td>\n",
       "      <td>4.000000</td>\n",
       "      <td>140.000000</td>\n",
       "      <td>275.000000</td>\n",
       "      <td>0.000000</td>\n",
       "      <td>2.000000</td>\n",
       "      <td>166.000000</td>\n",
       "      <td>1.000000</td>\n",
       "      <td>1.600000</td>\n",
       "      <td>2.000000</td>\n",
       "      <td>1.000000</td>\n",
       "      <td>7.000000</td>\n",
       "      <td>2.000000</td>\n",
       "    </tr>\n",
       "    <tr>\n",
       "      <th>max</th>\n",
       "      <td>77.000000</td>\n",
       "      <td>1.000000</td>\n",
       "      <td>4.000000</td>\n",
       "      <td>200.000000</td>\n",
       "      <td>564.000000</td>\n",
       "      <td>1.000000</td>\n",
       "      <td>2.000000</td>\n",
       "      <td>202.000000</td>\n",
       "      <td>1.000000</td>\n",
       "      <td>6.200000</td>\n",
       "      <td>3.000000</td>\n",
       "      <td>3.000000</td>\n",
       "      <td>7.000000</td>\n",
       "      <td>4.000000</td>\n",
       "    </tr>\n",
       "  </tbody>\n",
       "</table>\n",
       "</div>"
      ],
      "text/plain": [
       "              age         sex          cp    trestbps        chol         fbs  \\\n",
       "count  303.000000  303.000000  303.000000  303.000000  303.000000  303.000000   \n",
       "mean    54.438944    0.679868    3.158416  131.689769  246.693069    0.148515   \n",
       "std      9.038662    0.467299    0.960126   17.599748   51.776918    0.356198   \n",
       "min     29.000000    0.000000    1.000000   94.000000  126.000000    0.000000   \n",
       "25%     48.000000    0.000000    3.000000  120.000000  211.000000    0.000000   \n",
       "50%     56.000000    1.000000    3.000000  130.000000  241.000000    0.000000   \n",
       "75%     61.000000    1.000000    4.000000  140.000000  275.000000    0.000000   \n",
       "max     77.000000    1.000000    4.000000  200.000000  564.000000    1.000000   \n",
       "\n",
       "          restecg     thalach       exang     oldpeak       slope          ca  \\\n",
       "count  303.000000  303.000000  303.000000  303.000000  303.000000  299.000000   \n",
       "mean     0.990099  149.607261    0.326733    1.039604    1.600660    0.672241   \n",
       "std      0.994971   22.875003    0.469794    1.161075    0.616226    0.937438   \n",
       "min      0.000000   71.000000    0.000000    0.000000    1.000000    0.000000   \n",
       "25%      0.000000  133.500000    0.000000    0.000000    1.000000    0.000000   \n",
       "50%      1.000000  153.000000    0.000000    0.800000    2.000000    0.000000   \n",
       "75%      2.000000  166.000000    1.000000    1.600000    2.000000    1.000000   \n",
       "max      2.000000  202.000000    1.000000    6.200000    3.000000    3.000000   \n",
       "\n",
       "             thal         num  \n",
       "count  301.000000  303.000000  \n",
       "mean     4.734219    0.937294  \n",
       "std      1.939706    1.228536  \n",
       "min      3.000000    0.000000  \n",
       "25%      3.000000    0.000000  \n",
       "50%      3.000000    0.000000  \n",
       "75%      7.000000    2.000000  \n",
       "max      7.000000    4.000000  "
      ]
     },
     "execution_count": 7,
     "metadata": {},
     "output_type": "execute_result"
    }
   ],
   "source": [
    "df.describe()"
   ]
  },
  {
   "cell_type": "code",
   "execution_count": 8,
   "metadata": {},
   "outputs": [
    {
     "data": {
      "text/plain": [
       "0"
      ]
     },
     "execution_count": 8,
     "metadata": {},
     "output_type": "execute_result"
    }
   ],
   "source": [
    "df.duplicated().sum()"
   ]
  },
  {
   "cell_type": "code",
   "execution_count": 9,
   "metadata": {},
   "outputs": [
    {
     "data": {
      "text/html": [
       "<div>\n",
       "<style scoped>\n",
       "    .dataframe tbody tr th:only-of-type {\n",
       "        vertical-align: middle;\n",
       "    }\n",
       "\n",
       "    .dataframe tbody tr th {\n",
       "        vertical-align: top;\n",
       "    }\n",
       "\n",
       "    .dataframe thead th {\n",
       "        text-align: right;\n",
       "    }\n",
       "</style>\n",
       "<table border=\"1\" class=\"dataframe\">\n",
       "  <thead>\n",
       "    <tr style=\"text-align: right;\">\n",
       "      <th></th>\n",
       "      <th>age</th>\n",
       "      <th>sex</th>\n",
       "      <th>cp</th>\n",
       "      <th>trestbps</th>\n",
       "      <th>chol</th>\n",
       "      <th>fbs</th>\n",
       "      <th>restecg</th>\n",
       "      <th>thalach</th>\n",
       "      <th>exang</th>\n",
       "      <th>oldpeak</th>\n",
       "      <th>slope</th>\n",
       "      <th>ca</th>\n",
       "      <th>thal</th>\n",
       "      <th>num</th>\n",
       "    </tr>\n",
       "  </thead>\n",
       "  <tbody>\n",
       "    <tr>\n",
       "      <th>age</th>\n",
       "      <td>1.000000</td>\n",
       "      <td>-0.097542</td>\n",
       "      <td>0.104139</td>\n",
       "      <td>0.284946</td>\n",
       "      <td>0.208950</td>\n",
       "      <td>0.118530</td>\n",
       "      <td>0.148868</td>\n",
       "      <td>-0.393806</td>\n",
       "      <td>0.091661</td>\n",
       "      <td>0.203805</td>\n",
       "      <td>0.161770</td>\n",
       "      <td>0.362605</td>\n",
       "      <td>0.127389</td>\n",
       "      <td>0.222853</td>\n",
       "    </tr>\n",
       "    <tr>\n",
       "      <th>sex</th>\n",
       "      <td>-0.097542</td>\n",
       "      <td>1.000000</td>\n",
       "      <td>0.010084</td>\n",
       "      <td>-0.064456</td>\n",
       "      <td>-0.199915</td>\n",
       "      <td>0.047862</td>\n",
       "      <td>0.021647</td>\n",
       "      <td>-0.048663</td>\n",
       "      <td>0.146201</td>\n",
       "      <td>0.102173</td>\n",
       "      <td>0.037533</td>\n",
       "      <td>0.093185</td>\n",
       "      <td>0.380936</td>\n",
       "      <td>0.224469</td>\n",
       "    </tr>\n",
       "    <tr>\n",
       "      <th>cp</th>\n",
       "      <td>0.104139</td>\n",
       "      <td>0.010084</td>\n",
       "      <td>1.000000</td>\n",
       "      <td>-0.036077</td>\n",
       "      <td>0.072319</td>\n",
       "      <td>-0.039975</td>\n",
       "      <td>0.067505</td>\n",
       "      <td>-0.334422</td>\n",
       "      <td>0.384060</td>\n",
       "      <td>0.202277</td>\n",
       "      <td>0.152050</td>\n",
       "      <td>0.233214</td>\n",
       "      <td>0.265246</td>\n",
       "      <td>0.407075</td>\n",
       "    </tr>\n",
       "    <tr>\n",
       "      <th>trestbps</th>\n",
       "      <td>0.284946</td>\n",
       "      <td>-0.064456</td>\n",
       "      <td>-0.036077</td>\n",
       "      <td>1.000000</td>\n",
       "      <td>0.130120</td>\n",
       "      <td>0.175340</td>\n",
       "      <td>0.146560</td>\n",
       "      <td>-0.045351</td>\n",
       "      <td>0.064762</td>\n",
       "      <td>0.189171</td>\n",
       "      <td>0.117382</td>\n",
       "      <td>0.098773</td>\n",
       "      <td>0.133554</td>\n",
       "      <td>0.157754</td>\n",
       "    </tr>\n",
       "    <tr>\n",
       "      <th>chol</th>\n",
       "      <td>0.208950</td>\n",
       "      <td>-0.199915</td>\n",
       "      <td>0.072319</td>\n",
       "      <td>0.130120</td>\n",
       "      <td>1.000000</td>\n",
       "      <td>0.009841</td>\n",
       "      <td>0.171043</td>\n",
       "      <td>-0.003432</td>\n",
       "      <td>0.061310</td>\n",
       "      <td>0.046564</td>\n",
       "      <td>-0.004062</td>\n",
       "      <td>0.119000</td>\n",
       "      <td>0.014214</td>\n",
       "      <td>0.070909</td>\n",
       "    </tr>\n",
       "    <tr>\n",
       "      <th>fbs</th>\n",
       "      <td>0.118530</td>\n",
       "      <td>0.047862</td>\n",
       "      <td>-0.039975</td>\n",
       "      <td>0.175340</td>\n",
       "      <td>0.009841</td>\n",
       "      <td>1.000000</td>\n",
       "      <td>0.069564</td>\n",
       "      <td>-0.007854</td>\n",
       "      <td>0.025665</td>\n",
       "      <td>0.005747</td>\n",
       "      <td>0.059894</td>\n",
       "      <td>0.145478</td>\n",
       "      <td>0.071358</td>\n",
       "      <td>0.059186</td>\n",
       "    </tr>\n",
       "    <tr>\n",
       "      <th>restecg</th>\n",
       "      <td>0.148868</td>\n",
       "      <td>0.021647</td>\n",
       "      <td>0.067505</td>\n",
       "      <td>0.146560</td>\n",
       "      <td>0.171043</td>\n",
       "      <td>0.069564</td>\n",
       "      <td>1.000000</td>\n",
       "      <td>-0.083389</td>\n",
       "      <td>0.084867</td>\n",
       "      <td>0.114133</td>\n",
       "      <td>0.133946</td>\n",
       "      <td>0.128343</td>\n",
       "      <td>0.024531</td>\n",
       "      <td>0.183696</td>\n",
       "    </tr>\n",
       "    <tr>\n",
       "      <th>thalach</th>\n",
       "      <td>-0.393806</td>\n",
       "      <td>-0.048663</td>\n",
       "      <td>-0.334422</td>\n",
       "      <td>-0.045351</td>\n",
       "      <td>-0.003432</td>\n",
       "      <td>-0.007854</td>\n",
       "      <td>-0.083389</td>\n",
       "      <td>1.000000</td>\n",
       "      <td>-0.378103</td>\n",
       "      <td>-0.343085</td>\n",
       "      <td>-0.385601</td>\n",
       "      <td>-0.264246</td>\n",
       "      <td>-0.279631</td>\n",
       "      <td>-0.415040</td>\n",
       "    </tr>\n",
       "    <tr>\n",
       "      <th>exang</th>\n",
       "      <td>0.091661</td>\n",
       "      <td>0.146201</td>\n",
       "      <td>0.384060</td>\n",
       "      <td>0.064762</td>\n",
       "      <td>0.061310</td>\n",
       "      <td>0.025665</td>\n",
       "      <td>0.084867</td>\n",
       "      <td>-0.378103</td>\n",
       "      <td>1.000000</td>\n",
       "      <td>0.288223</td>\n",
       "      <td>0.257748</td>\n",
       "      <td>0.145570</td>\n",
       "      <td>0.329680</td>\n",
       "      <td>0.397057</td>\n",
       "    </tr>\n",
       "    <tr>\n",
       "      <th>oldpeak</th>\n",
       "      <td>0.203805</td>\n",
       "      <td>0.102173</td>\n",
       "      <td>0.202277</td>\n",
       "      <td>0.189171</td>\n",
       "      <td>0.046564</td>\n",
       "      <td>0.005747</td>\n",
       "      <td>0.114133</td>\n",
       "      <td>-0.343085</td>\n",
       "      <td>0.288223</td>\n",
       "      <td>1.000000</td>\n",
       "      <td>0.577537</td>\n",
       "      <td>0.295832</td>\n",
       "      <td>0.341004</td>\n",
       "      <td>0.504092</td>\n",
       "    </tr>\n",
       "    <tr>\n",
       "      <th>slope</th>\n",
       "      <td>0.161770</td>\n",
       "      <td>0.037533</td>\n",
       "      <td>0.152050</td>\n",
       "      <td>0.117382</td>\n",
       "      <td>-0.004062</td>\n",
       "      <td>0.059894</td>\n",
       "      <td>0.133946</td>\n",
       "      <td>-0.385601</td>\n",
       "      <td>0.257748</td>\n",
       "      <td>0.577537</td>\n",
       "      <td>1.000000</td>\n",
       "      <td>0.110119</td>\n",
       "      <td>0.287232</td>\n",
       "      <td>0.377957</td>\n",
       "    </tr>\n",
       "    <tr>\n",
       "      <th>ca</th>\n",
       "      <td>0.362605</td>\n",
       "      <td>0.093185</td>\n",
       "      <td>0.233214</td>\n",
       "      <td>0.098773</td>\n",
       "      <td>0.119000</td>\n",
       "      <td>0.145478</td>\n",
       "      <td>0.128343</td>\n",
       "      <td>-0.264246</td>\n",
       "      <td>0.145570</td>\n",
       "      <td>0.295832</td>\n",
       "      <td>0.110119</td>\n",
       "      <td>1.000000</td>\n",
       "      <td>0.256382</td>\n",
       "      <td>0.518909</td>\n",
       "    </tr>\n",
       "    <tr>\n",
       "      <th>thal</th>\n",
       "      <td>0.127389</td>\n",
       "      <td>0.380936</td>\n",
       "      <td>0.265246</td>\n",
       "      <td>0.133554</td>\n",
       "      <td>0.014214</td>\n",
       "      <td>0.071358</td>\n",
       "      <td>0.024531</td>\n",
       "      <td>-0.279631</td>\n",
       "      <td>0.329680</td>\n",
       "      <td>0.341004</td>\n",
       "      <td>0.287232</td>\n",
       "      <td>0.256382</td>\n",
       "      <td>1.000000</td>\n",
       "      <td>0.509923</td>\n",
       "    </tr>\n",
       "    <tr>\n",
       "      <th>num</th>\n",
       "      <td>0.222853</td>\n",
       "      <td>0.224469</td>\n",
       "      <td>0.407075</td>\n",
       "      <td>0.157754</td>\n",
       "      <td>0.070909</td>\n",
       "      <td>0.059186</td>\n",
       "      <td>0.183696</td>\n",
       "      <td>-0.415040</td>\n",
       "      <td>0.397057</td>\n",
       "      <td>0.504092</td>\n",
       "      <td>0.377957</td>\n",
       "      <td>0.518909</td>\n",
       "      <td>0.509923</td>\n",
       "      <td>1.000000</td>\n",
       "    </tr>\n",
       "  </tbody>\n",
       "</table>\n",
       "</div>"
      ],
      "text/plain": [
       "               age       sex        cp  trestbps      chol       fbs  \\\n",
       "age       1.000000 -0.097542  0.104139  0.284946  0.208950  0.118530   \n",
       "sex      -0.097542  1.000000  0.010084 -0.064456 -0.199915  0.047862   \n",
       "cp        0.104139  0.010084  1.000000 -0.036077  0.072319 -0.039975   \n",
       "trestbps  0.284946 -0.064456 -0.036077  1.000000  0.130120  0.175340   \n",
       "chol      0.208950 -0.199915  0.072319  0.130120  1.000000  0.009841   \n",
       "fbs       0.118530  0.047862 -0.039975  0.175340  0.009841  1.000000   \n",
       "restecg   0.148868  0.021647  0.067505  0.146560  0.171043  0.069564   \n",
       "thalach  -0.393806 -0.048663 -0.334422 -0.045351 -0.003432 -0.007854   \n",
       "exang     0.091661  0.146201  0.384060  0.064762  0.061310  0.025665   \n",
       "oldpeak   0.203805  0.102173  0.202277  0.189171  0.046564  0.005747   \n",
       "slope     0.161770  0.037533  0.152050  0.117382 -0.004062  0.059894   \n",
       "ca        0.362605  0.093185  0.233214  0.098773  0.119000  0.145478   \n",
       "thal      0.127389  0.380936  0.265246  0.133554  0.014214  0.071358   \n",
       "num       0.222853  0.224469  0.407075  0.157754  0.070909  0.059186   \n",
       "\n",
       "           restecg   thalach     exang   oldpeak     slope        ca  \\\n",
       "age       0.148868 -0.393806  0.091661  0.203805  0.161770  0.362605   \n",
       "sex       0.021647 -0.048663  0.146201  0.102173  0.037533  0.093185   \n",
       "cp        0.067505 -0.334422  0.384060  0.202277  0.152050  0.233214   \n",
       "trestbps  0.146560 -0.045351  0.064762  0.189171  0.117382  0.098773   \n",
       "chol      0.171043 -0.003432  0.061310  0.046564 -0.004062  0.119000   \n",
       "fbs       0.069564 -0.007854  0.025665  0.005747  0.059894  0.145478   \n",
       "restecg   1.000000 -0.083389  0.084867  0.114133  0.133946  0.128343   \n",
       "thalach  -0.083389  1.000000 -0.378103 -0.343085 -0.385601 -0.264246   \n",
       "exang     0.084867 -0.378103  1.000000  0.288223  0.257748  0.145570   \n",
       "oldpeak   0.114133 -0.343085  0.288223  1.000000  0.577537  0.295832   \n",
       "slope     0.133946 -0.385601  0.257748  0.577537  1.000000  0.110119   \n",
       "ca        0.128343 -0.264246  0.145570  0.295832  0.110119  1.000000   \n",
       "thal      0.024531 -0.279631  0.329680  0.341004  0.287232  0.256382   \n",
       "num       0.183696 -0.415040  0.397057  0.504092  0.377957  0.518909   \n",
       "\n",
       "              thal       num  \n",
       "age       0.127389  0.222853  \n",
       "sex       0.380936  0.224469  \n",
       "cp        0.265246  0.407075  \n",
       "trestbps  0.133554  0.157754  \n",
       "chol      0.014214  0.070909  \n",
       "fbs       0.071358  0.059186  \n",
       "restecg   0.024531  0.183696  \n",
       "thalach  -0.279631 -0.415040  \n",
       "exang     0.329680  0.397057  \n",
       "oldpeak   0.341004  0.504092  \n",
       "slope     0.287232  0.377957  \n",
       "ca        0.256382  0.518909  \n",
       "thal      1.000000  0.509923  \n",
       "num       0.509923  1.000000  "
      ]
     },
     "execution_count": 9,
     "metadata": {},
     "output_type": "execute_result"
    }
   ],
   "source": [
    "df.corr()"
   ]
  },
  {
   "cell_type": "markdown",
   "metadata": {},
   "source": [
    "(thalach),(fbs) and (chol) are not highely related to \"num\""
   ]
  },
  {
   "cell_type": "code",
   "execution_count": 10,
   "metadata": {},
   "outputs": [
    {
     "data": {
      "text/plain": [
       "age         0.222853\n",
       "sex         0.224469\n",
       "cp          0.407075\n",
       "trestbps    0.157754\n",
       "chol        0.070909\n",
       "fbs         0.059186\n",
       "restecg     0.183696\n",
       "thalach    -0.415040\n",
       "exang       0.397057\n",
       "oldpeak     0.504092\n",
       "slope       0.377957\n",
       "ca          0.518909\n",
       "thal        0.509923\n",
       "num         1.000000\n",
       "Name: num, dtype: float64"
      ]
     },
     "execution_count": 10,
     "metadata": {},
     "output_type": "execute_result"
    }
   ],
   "source": [
    "df.corr()[\"num\"]   "
   ]
  },
  {
   "cell_type": "markdown",
   "metadata": {},
   "source": [
    "Saving fetched dataset into a csv file named \"data\""
   ]
  },
  {
   "cell_type": "code",
   "execution_count": 11,
   "metadata": {},
   "outputs": [],
   "source": [
    "df.to_csv(\"data\",index=False)"
   ]
  }
 ],
 "metadata": {
  "kernelspec": {
   "display_name": "Python 3",
   "language": "python",
   "name": "python3"
  },
  "language_info": {
   "codemirror_mode": {
    "name": "ipython",
    "version": 3
   },
   "file_extension": ".py",
   "mimetype": "text/x-python",
   "name": "python",
   "nbconvert_exporter": "python",
   "pygments_lexer": "ipython3",
   "version": "3.12.0"
  }
 },
 "nbformat": 4,
 "nbformat_minor": 2
}
